-2.559459030429188162e+06 5.095368821676258929e+06 -2.849052317494980525e+06
-2.559451980896892492e+06 5.095369774162620306e+06 -2.849057009458124172e+06
-2.559458631168825086e+06 5.095367209206885658e+06 -2.849055593906535767e+06
-2.559457260665836278e+06 5.095367762422085740e+06 -2.849055807383699808e+06
-2.559452613630723208e+06 5.095371196444979869e+06 -2.849053860345584340e+06
-2.559455748281375505e+06 5.095372484417844564e+06 -2.849048715050141793e+06
-2.559454328839196824e+06 5.095371746078532189e+06 -2.849051306661216542e+06
-2.559454720959452447e+06 5.095370635271054693e+06 -2.849052972354901489e+06
-2.559456778113922570e+06 5.095369098665995523e+06 -2.849053828580560628e+06
-2.559457276881220285e+06 5.095370171816796064e+06 -2.849051434810408391e+06
-2.559458627663744148e+06 5.095369733063463122e+06 -2.849051051169839688e+06
-2.559456087782803923e+06 5.095370994831341319e+06 -2.849051060531079769e+06
-2.559453883332728408e+06 5.095370415820535272e+06 -2.849054122999912128e+06
-2.559453038466492668e+06 5.095370197552494705e+06 -2.849055255751034711e+06
-2.559454891370368190e+06 5.095369250172117725e+06 -2.849055305355985183e+06
-2.559456491207016632e+06 5.095369933262001723e+06 -2.849052590837075841e+06
-2.559453463879040442e+06 5.095373241123227403e+06 -2.849049422595854383e+06
-2.559452581297542900e+06 5.095372807417085394e+06 -2.849050987298344728e+06
-2.559449984935788438e+06 5.095371405857554637e+06 -2.849055889647018630e+06
-2.559450492904257029e+06 5.095372468364075758e+06 -2.849053502124887891e+06
-2.559445236104574054e+06 5.095374842186237685e+06 -2.849054047151894774e+06
-2.559444930240841117e+06 5.095375665777069516e+06 -2.849052812494647224e+06
-2.559446074872554746e+06 5.095376019655258395e+06 -2.849051153541523498e+06
-2.559447943441308569e+06 5.095375324017476290e+06 -2.849050695222977549e+06
-2.559449799627001397e+06 5.095373710360679775e+06 -2.849051860984709579e+06
-2.559451463974431623e+06 5.095372920056738891e+06 -2.849051797578773927e+06
-2.559451590316323563e+06 5.095374216439150274e+06 -2.849049357376247179e+06
-2.559449190558717586e+06 5.095375362836256623e+06 -2.849049531215559691e+06
-2.559447056589027401e+06 5.095375068948210217e+06 -2.849051953069431242e+06
-2.559446838987665717e+06 5.095373778025185689e+06 -2.849054520641123410e+06
-2.559447154552262276e+06 5.095372479164781980e+06 -2.849056481902615167e+06
-2.559448872016906738e+06 5.095372777087493800e+06 -2.849054426769711077e+06
-2.559451528831832577e+06 5.095368014240307733e+06 -2.849060588258989621e+06
-2.559451026907819323e+06 5.095369628272463568e+06 -2.849058124358528294e+06
-2.559449922959092073e+06 5.095368508804191835e+06 -2.849061067000367679e+06
-2.559448823072733358e+06 5.095367651397891343e+06 -2.849063691794727929e+06
-2.559444152716354933e+06 5.095371818739246577e+06 -2.849060471750268247e+06
-2.559443733399990946e+06 5.095373120467783883e+06 -2.849058399920496624e+06
-2.559445477284005377e+06 5.095372780353646725e+06 -2.849057525876495522e+06
-2.559446199559307657e+06 5.095371903529415838e+06 -2.849058467944251373e+06
-2.559447214071752969e+06 5.095368471683303826e+06 -2.849063670354439411e+06
-2.559448557049937081e+06 5.095368752582657151e+06 -2.849061964054011274e+06
-2.559449459964556154e+06 5.095369621097041294e+06 -2.849059617685124278e+06
-2.559449188390103169e+06 5.095370662216902710e+06 -2.849057999376516324e+06
-2.559445106499989983e+06 5.095370819106915034e+06 -2.849061418723329436e+06
-2.559447100659165066e+06 5.095370001444643363e+06 -2.849061102939235047e+06
-2.559446498119721189e+06 5.095371040892780758e+06 -2.849059767355546821e+06
-2.559447866971807089e+06 5.095371600542441010e+06 -2.849057513846011832e+06
-2.559458314936435781e+06 5.095366174181741662e+06 -2.849057730360848363e+06
-2.559457621902022511e+06 5.095365658890292980e+06 -2.849059253054521978e+06
-2.559455353044060059e+06 5.095364813529430889e+06 -2.849062843934436329e+06
-2.559455948465442751e+06 5.095365228061981499e+06 -2.849061562861002982e+06
-2.559450120395652950e+06 5.095367556242074817e+06 -2.849062585243503097e+06
-2.559452516011624131e+06 5.095368337599067949e+06 -2.849059117346969899e+06
-2.559452078732510563e+06 5.095367103922630660e+06 -2.849061703587180004e+06
-2.559450812293190975e+06 5.095366594435327686e+06 -2.849063767696706578e+06
-2.559456341977172066e+06 5.095366764479377307e+06 -2.849058422232545912e+06
-2.559456208208820317e+06 5.095367690071002580e+06 -2.849056901764141396e+06
-2.559454126048733480e+06 5.095368488489951938e+06 -2.849057361414611340e+06
-2.559453936732042581e+06 5.095367679395014420e+06 -2.849058974357750732e+06
-2.559452956273556221e+06 5.095364978936929256e+06 -2.849064715525339823e+06
-2.559453122968672309e+06 5.095365624920822680e+06 -2.849063403628794011e+06
-2.559453241482875776e+06 5.095366335390930064e+06 -2.849062000140066259e+06
-2.559454101884295233e+06 5.095366771725662053e+06 -2.849060437208077870e+06
-2.559466960910324939e+06 5.095366414886941202e+06 -2.849049425178760197e+06
-2.559466673013286665e+06 5.095365563259243034e+06 -2.849051210548346397e+06
-2.559467255357060116e+06 5.095364572719361633e+06 -2.849052461692011915e+06
-2.559463594556813128e+06 5.095365164676716551e+06 -2.849054774681861047e+06
-2.559460225535548758e+06 5.095368186622293666e+06 -2.849052394788240548e+06
-2.559462551918763667e+06 5.095368135062037036e+06 -2.849050368183030281e+06
-2.559461039275319315e+06 5.095368645910850726e+06 -2.849050826041413471e+06
-2.559461486415911000e+06 5.095367791676039807e+06 -2.849051955690110102e+06
-2.559465568076693919e+06 5.095365493368239142e+06 -2.849052445302724373e+06
-2.559465373932146933e+06 5.095367272331912071e+06 -2.849049338101870380e+06
-2.559466767866309267e+06 5.095367844041685574e+06 -2.849047034110228065e+06
-2.559465395832907408e+06 5.095369080387094989e+06 -2.849046050970170181e+06
-2.559462161125334445e+06 5.095366555043606088e+06 -2.849053581616436131e+06
-2.559463293142654933e+06 5.095366498391420580e+06 -2.849052656538430601e+06
-2.559463671019708272e+06 5.095367353151823394e+06 -2.849050765283136629e+06
-2.559464214199067559e+06 5.095368234009609558e+06 -2.849048677935838234e+06
-2.559465189478906337e+06 5.095369799095143564e+06 -2.849044944992427714e+06
-2.559464058883333579e+06 5.095369874172681011e+06 -2.849045824943002313e+06
-2.559461990701533388e+06 5.095369459508734755e+06 -2.849048487209302373e+06
-2.559463351725365967e+06 5.095369484485455789e+06 -2.849047199416892603e+06
-2.559456967890866566e+06 5.095371668676557951e+06 -2.849049060309236404e+06
-2.559457078622314148e+06 5.095372412665358745e+06 -2.849047626473747194e+06
-2.559460342610722408e+06 5.095372977871637791e+06 -2.849043663090402726e+06
-2.559458793384020217e+06 5.095373578523181379e+06 -2.849043987385560293e+06
-2.559462445542111993e+06 5.095370723690925166e+06 -2.849045793275109027e+06
-2.559462682212451007e+06 5.095371395361612551e+06 -2.849044377755897585e+06
-2.559461687052297406e+06 5.095373012165421620e+06 -2.849042380219486542e+06
-2.559459806096728425e+06 5.095370929524234496e+06 -2.849047811824022327e+06
-2.559460073528312612e+06 5.095371867396503687e+06 -2.849045880378979724e+06
-2.559458752198949456e+06 5.095371928127262741e+06 -2.849046964916433673e+06
-2.559458488291110378e+06 5.095370761118270457e+06 -2.849049324750254862e+06
-2.559459784069389105e+06 5.095369638077626936e+06 -2.849050147949116770e+06
-2.559459580425310414e+06 5.095374561672722921e+06 -2.849041500712886453e+06
-2.559457578485892620e+06 5.095374713314644992e+06 -2.849043042209982406e+06
-2.559457448663881980e+06 5.095373577092543244e+06 -2.849045198772659525e+06
-2.559454720600315835e+06 5.095373245593095198e+06 -2.849048257630337495e+06
-2.559453215092105325e+06 5.095377954543958418e+06 -2.849041195686710067e+06
-2.559453409033188596e+06 5.095376794516773894e+06 -2.849043094505760819e+06
-2.559451892029387411e+06 5.095377051621767692e+06 -2.849043995896623936e+06
-2.559453022540102713e+06 5.095375942654157989e+06 -2.849044959372291341e+06
-2.559455887802596670e+06 5.095373815949115902e+06 -2.849046189519642852e+06
-2.559454783663118724e+06 5.095374730125662871e+06 -2.849045550777711440e+06
-2.559456147066689562e+06 5.095374563789417036e+06 -2.849044611850154586e+06
-2.559457139939286746e+06 5.095375731696324423e+06 -2.849041613290590234e+06
-2.559453419468608685e+06 5.095373910178804770e+06 -2.849048255865231156e+06
-2.559454338787038811e+06 5.095374127400859259e+06 -2.849047005127767101e+06
-2.559454378965069540e+06 5.095375521817369387e+06 -2.849044489911211189e+06
-2.559455217449640390e+06 5.095376275431191549e+06 -2.849042376223715022e+06
-2.559452600510372315e+06 5.095374890829878859e+06 -2.849047235654038843e+06
-2.559451875343460124e+06 5.095375975770818070e+06 -2.849045933129524812e+06
-2.559451252077842131e+06 5.095378277247847989e+06 -2.849042389661668334e+06
-2.559449807284479495e+06 5.095377071831837296e+06 -2.849045858120891731e+06
-2.559444500664709136e+06 5.095379275180819444e+06 -2.849046705938014202e+06
-2.559446589850296732e+06 5.095376641635028645e+06 -2.849049544572570827e+06
-2.559445215999708977e+06 5.095377754059022292e+06 -2.849048827703391202e+06
-2.559446072741110343e+06 5.095378022702367045e+06 -2.849047588189403992e+06
-2.559449618143809494e+06 5.095376447998647578e+06 -2.849047219681745395e+06
-2.559450163036420941e+06 5.095375492065330967e+06 -2.849048367105614860e+06
-2.559448310886533465e+06 5.095376374111331999e+06 -2.849048464047076646e+06
-2.559447634544999804e+06 5.095377275545307435e+06 -2.849047470652433578e+06
-2.559447175461394247e+06 5.095378148333010264e+06 -2.849046325378287584e+06
-2.559446177046576049e+06 5.095379277442404069e+06 -2.849045208247217815e+06
-2.559448216569819022e+06 5.095379271913652308e+06 -2.849043355844352860e+06
-2.559449013445954770e+06 5.095378296314066276e+06 -2.849044389011750929e+06
-2.559445293828383088e+06 5.095376895330203697e+06 -2.849050263731773011e+06
-2.559442416558180936e+06 5.095376616561500356e+06 -2.849053395437568892e+06
-2.559443712161684409e+06 5.095377083855872042e+06 -2.849051337976869196e+06
-2.559444609808077570e+06 5.095378574590875767e+06 -2.849047879826192744e+06
-2.559437424293667078e+06 5.095378790743317455e+06 -2.849054014558279421e+06
-2.559439327393836807e+06 5.095379763445188291e+06 -2.849050546093660407e+06
-2.559440893347412348e+06 5.095380207536249422e+06 -2.849048306412091944e+06
-2.559440817173022777e+06 5.095378732546629384e+06 -2.849051030265260022e+06
-2.559443829025767744e+06 5.095380163698266260e+06 -2.849045729067562148e+06
-2.559442638699532486e+06 5.095380260218096897e+06 -2.849046628677131142e+06
-2.559443079542109277e+06 5.095379259774330072e+06 -2.849048030357583426e+06
-2.559443074288138654e+06 5.095378420555512421e+06 -2.849049541470144875e+06
-2.559439162737112027e+06 5.095378929924468510e+06 -2.849052169296781067e+06
-2.559439762480346020e+06 5.095378025264002383e+06 -2.849053223422720097e+06
-2.559438821757751051e+06 5.095377890189882368e+06 -2.849054351777266245e+06
-2.559441541614685208e+06 5.095377467934078537e+06 -2.849052654843474273e+06
-2.559444208135675639e+06 5.095374268307936378e+06 -2.849055983924632892e+06
-2.559441836888951715e+06 5.095373927566477098e+06 -2.849058734123395290e+06
-2.559442682281751186e+06 5.095375118224219419e+06 -2.849055840101426467e+06
-2.559443476672148798e+06 5.095375652612163685e+06 -2.849054152983641252e+06
-2.559437260080884676e+06 5.095375734714814462e+06 -2.849059612287279218e+06
-2.559437074497435708e+06 5.095377232190425508e+06 -2.849057035332762636e+06
-2.559437355257006362e+06 5.095377909203814343e+06 -2.849055633289277554e+06
-2.559438721932525281e+06 5.095377234748656861e+06 -2.849055623029296286e+06
-2.559441269894644618e+06 5.095376684157180600e+06 -2.849054289665481076e+06
-2.559440209851578344e+06 5.095376113260893151e+06 -2.849056269789751619e+06
-2.559441081191586796e+06 5.095375005195581354e+06 -2.849057478507606778e+06
-2.559437841532455757e+06 5.095374733487342484e+06 -2.849060909917280078e+06
-2.559438586646803655e+06 5.095376450788480230e+06 -2.849057152008764446e+06
-2.559439412888609804e+06 5.095375531422363594e+06 -2.849058030145667959e+06
-2.559437735657625832e+06 5.095376215875161812e+06 -2.849058359849462751e+06
-2.559438926719085779e+06 5.095374786338499747e+06 -2.849059836549341213e+06
-2.559443733409360517e+06 5.095371307018751279e+06 -2.849061832856354769e+06
-2.559442785341415554e+06 5.095370669422919862e+06 -2.849063606792015489e+06
-2.559439669108921196e+06 5.095370739230447449e+06 -2.849066430412377231e+06
-2.559440772581460886e+06 5.095370893092851155e+06 -2.849065136805128306e+06
-2.559436506803589407e+06 5.095374754175222479e+06 -2.849062079771914054e+06
-2.559438471047108527e+06 5.095373801209914498e+06 -2.849062019917774945e+06
-2.559437529009692371e+06 5.095373367214553058e+06 -2.849063631512802560e+06
-2.559437793810620904e+06 5.095372584407296032e+06 -2.849064814783805516e+06
-2.559441389900005423e+06 5.095371787876442075e+06 -2.849063005293894559e+06
-2.559440547035772353e+06 5.095372925897295587e+06 -2.849061715725586284e+06
-2.559442607502316590e+06 5.095372801657562144e+06 -2.849060082224710844e+06
-2.559439787088032812e+06 5.095373865849590860e+06 -2.849060712931930553e+06
-2.559438717167736497e+06 5.095370269923686050e+06 -2.849067948899830226e+06
-2.559437737026009709e+06 5.095371769588329829e+06 -2.849066319632156752e+06
-2.559439303946689703e+06 5.095371925984560512e+06 -2.849064614647464361e+06
-2.559439333132055588e+06 5.095372694770207629e+06 -2.849063236231763847e+06
-2.559449013514414895e+06 5.095366408657273278e+06 -2.849065736223675776e+06
-2.559447318736927584e+06 5.095366737368402071e+06 -2.849066702422548551e+06
-2.559448251844670624e+06 5.095367249383960851e+06 -2.849064917913930956e+06
-2.559446460156926420e+06 5.095368149317307398e+06 -2.849064935802422930e+06
-2.559440806296383031e+06 5.095369714846048504e+06 -2.849067262149283197e+06
-2.559440453285972122e+06 5.095368816020688973e+06 -2.849068984736471903e+06
-2.559441687218239065e+06 5.095368670413268730e+06 -2.849068329247616231e+06
-2.559442268132129218e+06 5.095369423659036867e+06 -2.849066448279284406e+06
-2.559445680277133826e+06 5.095367369791927747e+06 -2.849067041000439785e+06
-2.559444825674083084e+06 5.095367112089163624e+06 -2.849068279198691715e+06
-2.559443532386376522e+06 5.095366595936756581e+06 -2.849070392458401620e+06
-2.559442453954868484e+06 5.095367512280210853e+06 -2.849069729152170476e+06
-2.559442160921250936e+06 5.095370228349317797e+06 -2.849065098862233572e+06
-2.559445151970010251e+06 5.095368882287821732e+06 -2.849064829976072535e+06
-2.559443680973703973e+06 5.095369235440450720e+06 -2.849065528588331770e+06
-2.559443853260320146e+06 5.095368081316090189e+06 -2.849067416216282640e+06
-2.559453084731352050e+06 5.095360959432388656e+06 -2.849071872720869258e+06
-2.559452010342179332e+06 5.095362723721766844e+06 -2.849069657175813802e+06
-2.559451461625392549e+06 5.095362252903180197e+06 -2.849071047746108845e+06
-2.559451402537899558e+06 5.095361596132477745e+06 -2.849072276106769685e+06
-2.559445304760376457e+06 5.095365091680306941e+06 -2.849071469816715922e+06
-2.559445795604127459e+06 5.095366046575899236e+06 -2.849069306545854546e+06
-2.559446673721652944e+06 5.095366244154721498e+06 -2.849068167525125667e+06
-2.559447449836345855e+06 5.095365196033296175e+06 -2.849069339150262065e+06
-2.559449876358433627e+06 5.095362129046356305e+06 -2.849072455383191351e+06
-2.559449597960930318e+06 5.095363263519525528e+06 -2.849070895406442694e+06
-2.559450776930461638e+06 5.095363592188018374e+06 -2.849069219441983849e+06
-2.559449617608615197e+06 5.095364374228771776e+06 -2.849068842423261609e+06
-2.559446680800241418e+06 5.095364765589131974e+06 -2.849070814539800864e+06
-2.559447563454383053e+06 5.095363535237976350e+06 -2.849072021217347123e+06
-2.559451733229113743e+06 5.095364415485974401e+06 -2.849066830100785475e+06
-2.559450265990697779e+06 5.095365052372891456e+06 -2.849067025765003636e+06
-2.559458787632208318e+06 5.095360220039394684e+06 -2.849067885910888202e+06
-2.559458013879254460e+06 5.095359566331565380e+06 -2.849069888974651694e+06
-2.559446091004831716e+06 5.095382302697572857e+06 -2.849056773571780417e+06
-2.559458574564278591e+06 5.095361177128064446e+06 -2.849066487066959962e+06
-2.559453135884942953e+06 5.095363360407591797e+06 -2.849067454998562112e+06
-2.559454661446425132e+06 5.095364439224858768e+06 -2.849064152717764024e+06
-2.559454920655650087e+06 5.095363493791995570e+06 -2.849065625427267049e+06
-2.559454422948020045e+06 5.095362970801217481e+06 -2.849067025331821293e+06
-2.559458116625948343e+06 5.095362640347466804e+06 -2.849064245154725853e+06
-2.559456087292368058e+06 5.095363715477916412e+06 -2.849064161645821296e+06
-2.559457317913299892e+06 5.095362275582546368e+06 -2.849065637024567928e+06
-2.559456962123902980e+06 5.095361767781584524e+06 -2.849066889981904998e+06
-2.559453227310481016e+06 5.095362664646157995e+06 -2.849068653921994846e+06
-2.559454268820030615e+06 5.095360959659317508e+06 -2.849070777880264446e+06
-2.559455994883920997e+06 5.095360510549830273e+06 -2.849070028802087065e+06
-2.559455792544211261e+06 5.095361631578518078e+06 -2.849068195630429778e+06
-2.559465496010445524e+06 5.095359938457368873e+06 -2.849062424473715480e+06
-2.559463922288237140e+06 5.095361352520039305e+06 -2.849061316725470126e+06
-2.559463556166908704e+06 5.095360463238960132e+06 -2.849063241012957878e+06
-2.559461081047920976e+06 5.095359806543589570e+06 -2.849066654084769078e+06
-2.559457666561888997e+06 5.095364181622729637e+06 -2.849061841974768322e+06
-2.559460091706097126e+06 5.095364455891467631e+06 -2.849059226302726660e+06
-2.559458689412888605e+06 5.095364212856792845e+06 -2.849060909365382977e+06
-2.559459582819856238e+06 5.095362177381074056e+06 -2.849063777063342277e+06
-2.559462534541460685e+06 5.095359828470270149e+06 -2.849065233563121408e+06
-2.559462061128921341e+06 5.095361240832919255e+06 -2.849063204845961183e+06
-2.559462693539890926e+06 5.095362473105505109e+06 -2.849060424722827505e+06
-2.559461809727460146e+06 5.095363866011432372e+06 -2.849058727799828164e+06
-2.559459046409305651e+06 5.095361639720060863e+06 -2.849065206410520710e+06
-2.559460273415478412e+06 5.095360896628152579e+06 -2.849065442713858560e+06
-2.559460773339259438e+06 5.095362237195111811e+06 -2.849062586206998210e+06
-2.559461426371329930e+06 5.095363323381112888e+06 -2.849060029398619663e+06
-2.559466240729072597e+06 5.095360872996308841e+06 -2.849060050795739051e+06
-2.559467709745630156e+06 5.095361415952689014e+06 -2.849057764264802914e+06
-2.559467486887026578e+06 5.095362547372750938e+06 -2.849055899788285140e+06
-2.559467768397322390e+06 5.095363446437568404e+06 -2.849054044748553075e+06
-2.559459757288169116e+06 5.095366494737270288e+06 -2.849055842684331816e+06
-2.559460374380697031e+06 5.095365441932382993e+06 -2.849057193460287526e+06
-2.559461640449567232e+06 5.095364654075076804e+06 -2.849057474430893082e+06
-2.559462775669394061e+06 5.095364982532495633e+06 -2.849055860134245362e+06
-2.559464749347014818e+06 5.095363143842644989e+06 -2.849057345296621788e+06
-2.559465360878179781e+06 5.095362229231938720e+06 -2.849058408805385232e+06
-2.559464706447571982e+06 5.095361699451389723e+06 -2.849059969522896223e+06
-2.559463231305041816e+06 5.095363320906187408e+06 -2.849058427635787521e+06
-2.559461732098556589e+06 5.095365959365348332e+06 -2.849055038234930485e+06
-2.559465222609804943e+06 5.095364836800982244e+06 -2.849053864314374980e+06
-2.559464876023768447e+06 5.095363830461545847e+06 -2.849056028077776544e+06
-2.559463578155355994e+06 5.095364127265494317e+06 -2.849056694556583185e+06
