	-2559459.030429	5095368.821676	-2849052.317495
	-2559451.980897	5095369.774163	-2849057.009458
	-2559458.631169	5095367.209207	-2849055.593907
	-2559457.260666	5095367.762422	-2849055.807384
	-2559452.613631	5095371.196445	-2849053.860346
	-2559455.748281	5095372.484418	-2849048.715050
	-2559454.328839	5095371.746079	-2849051.306661
	-2559454.720959	5095370.635271	-2849052.972355
	-2559456.778114	5095369.098666	-2849053.828581
	-2559457.276881	5095370.171817	-2849051.434810
	-2559458.627664	5095369.733063	-2849051.051170
	-2559456.087783	5095370.994831	-2849051.060531
	-2559453.883333	5095370.415821	-2849054.123000
	-2559453.038466	5095370.197552	-2849055.255751
	-2559454.891370	5095369.250172	-2849055.305356
	-2559456.491207	5095369.933262	-2849052.590837
	-2559453.463879	5095373.241123	-2849049.422596
	-2559452.581298	5095372.807417	-2849050.987298
	-2559449.984936	5095371.405858	-2849055.889647
	-2559450.492904	5095372.468364	-2849053.502125
	-2559445.236105	5095374.842186	-2849054.047152
	-2559444.930241	5095375.665777	-2849052.812495
	-2559446.074873	5095376.019655	-2849051.153542
	-2559447.943441	5095375.324017	-2849050.695223
	-2559449.799627	5095373.710361	-2849051.860985
	-2559451.463974	5095372.920057	-2849051.797579
	-2559451.590316	5095374.216439	-2849049.357376
	-2559449.190559	5095375.362836	-2849049.531216
	-2559447.056589	5095375.068948	-2849051.953069
	-2559446.838988	5095373.778025	-2849054.520641
	-2559447.154552	5095372.479165	-2849056.481903
	-2559448.872017	5095372.777087	-2849054.426770
	-2559451.528832	5095368.014240	-2849060.588259
	-2559451.026908	5095369.628272	-2849058.124359
	-2559449.922959	5095368.508804	-2849061.067000
	-2559448.823073	5095367.651398	-2849063.691795
	-2559444.152716	5095371.818739	-2849060.471750
	-2559443.733400	5095373.120468	-2849058.399920
	-2559445.477284	5095372.780354	-2849057.525876
	-2559446.199559	5095371.903529	-2849058.467944
	-2559447.214072	5095368.471683	-2849063.670354
	-2559448.557050	5095368.752583	-2849061.964054
	-2559449.459965	5095369.621097	-2849059.617685
	-2559449.188390	5095370.662217	-2849057.999377
	-2559445.106500	5095370.819107	-2849061.418723
	-2559447.100659	5095370.001445	-2849061.102939
	-2559446.498120	5095371.040893	-2849059.767356
	-2559447.866972	5095371.600542	-2849057.513846
	-2559458.314936	5095366.174182	-2849057.730361
	-2559457.621902	5095365.658890	-2849059.253055
	-2559455.353044	5095364.813529	-2849062.843934
	-2559455.948465	5095365.228062	-2849061.562861
	-2559450.120396	5095367.556242	-2849062.585244
	-2559452.516012	5095368.337599	-2849059.117347
	-2559452.078733	5095367.103923	-2849061.703587
	-2559450.812293	5095366.594435	-2849063.767697
	-2559456.341977	5095366.764479	-2849058.422233
	-2559456.208209	5095367.690071	-2849056.901764
	-2559454.126049	5095368.488490	-2849057.361415
	-2559453.936732	5095367.679395	-2849058.974358
	-2559452.956274	5095364.978937	-2849064.715525
	-2559453.122969	5095365.624921	-2849063.403629
	-2559453.241483	5095366.335391	-2849062.000140
	-2559454.101884	5095366.771726	-2849060.437208
	-2559466.960910	5095366.414887	-2849049.425179
	-2559466.673013	5095365.563259	-2849051.210548
	-2559467.255357	5095364.572719	-2849052.461692
	-2559463.594557	5095365.164677	-2849054.774682
	-2559460.225536	5095368.186622	-2849052.394788
	-2559462.551919	5095368.135062	-2849050.368183
	-2559461.039275	5095368.645911	-2849050.826041
	-2559461.486416	5095367.791676	-2849051.955690
	-2559465.568077	5095365.493368	-2849052.445303
	-2559465.373932	5095367.272332	-2849049.338102
	-2559466.767866	5095367.844042	-2849047.034110
	-2559465.395833	5095369.080387	-2849046.050970
	-2559462.161125	5095366.555044	-2849053.581616
	-2559463.293143	5095366.498391	-2849052.656538
	-2559463.671020	5095367.353152	-2849050.765283
	-2559464.214199	5095368.234010	-2849048.677936
	-2559465.189479	5095369.799095	-2849044.944992
	-2559464.058883	5095369.874173	-2849045.824943
	-2559461.990702	5095369.459509	-2849048.487209
	-2559463.351725	5095369.484485	-2849047.199417
	-2559456.967891	5095371.668677	-2849049.060309
	-2559457.078622	5095372.412665	-2849047.626474
	-2559460.342611	5095372.977872	-2849043.663090
	-2559458.793384	5095373.578523	-2849043.987386
	-2559462.445542	5095370.723691	-2849045.793275
	-2559462.682212	5095371.395362	-2849044.377756
	-2559461.687052	5095373.012165	-2849042.380219
	-2559459.806097	5095370.929524	-2849047.811824
	-2559460.073528	5095371.867397	-2849045.880379
	-2559458.752199	5095371.928127	-2849046.964916
	-2559458.488291	5095370.761118	-2849049.324750
	-2559459.784069	5095369.638078	-2849050.147949
	-2559459.580425	5095374.561673	-2849041.500713
	-2559457.578486	5095374.713315	-2849043.042210
	-2559457.448664	5095373.577093	-2849045.198773
	-2559454.720600	5095373.245593	-2849048.257630
	-2559453.215092	5095377.954544	-2849041.195687
	-2559453.409033	5095376.794517	-2849043.094506
	-2559451.892029	5095377.051622	-2849043.995897
	-2559453.022540	5095375.942654	-2849044.959372
	-2559455.887803	5095373.815949	-2849046.189520
	-2559454.783663	5095374.730126	-2849045.550778
	-2559456.147067	5095374.563789	-2849044.611850
	-2559457.139939	5095375.731696	-2849041.613291
	-2559453.419469	5095373.910179	-2849048.255865
	-2559454.338787	5095374.127401	-2849047.005128
	-2559454.378965	5095375.521817	-2849044.489911
	-2559455.217450	5095376.275431	-2849042.376224
	-2559452.600510	5095374.890830	-2849047.235654
	-2559451.875343	5095375.975771	-2849045.933130
	-2559451.252078	5095378.277248	-2849042.389662
	-2559449.807284	5095377.071832	-2849045.858121
	-2559444.500665	5095379.275181	-2849046.705938
	-2559446.589850	5095376.641635	-2849049.544573
	-2559445.216000	5095377.754059	-2849048.827703
	-2559446.072741	5095378.022702	-2849047.588189
	-2559449.618144	5095376.447999	-2849047.219682
	-2559450.163036	5095375.492065	-2849048.367106
	-2559448.310887	5095376.374111	-2849048.464047
	-2559447.634545	5095377.275545	-2849047.470652
	-2559447.175461	5095378.148333	-2849046.325378
	-2559446.177047	5095379.277442	-2849045.208247
	-2559448.216570	5095379.271914	-2849043.355844
	-2559449.013446	5095378.296314	-2849044.389012
	-2559445.293828	5095376.895330	-2849050.263732
	-2559442.416558	5095376.616562	-2849053.395438
	-2559443.712162	5095377.083856	-2849051.337977
	-2559444.609808	5095378.574591	-2849047.879826
	-2559437.424294	5095378.790743	-2849054.014558
	-2559439.327394	5095379.763445	-2849050.546094
	-2559440.893347	5095380.207536	-2849048.306412
	-2559440.817173	5095378.732547	-2849051.030265
	-2559443.829026	5095380.163698	-2849045.729068
	-2559442.638700	5095380.260218	-2849046.628677
	-2559443.079542	5095379.259774	-2849048.030358
	-2559443.074288	5095378.420556	-2849049.541470
	-2559439.162737	5095378.929924	-2849052.169297
	-2559439.762480	5095378.025264	-2849053.223423
	-2559438.821758	5095377.890190	-2849054.351777
	-2559441.541615	5095377.467934	-2849052.654843
	-2559444.208136	5095374.268308	-2849055.983925
	-2559441.836889	5095373.927566	-2849058.734123
	-2559442.682282	5095375.118224	-2849055.840101
	-2559443.476672	5095375.652612	-2849054.152984
	-2559437.260081	5095375.734715	-2849059.612287
	-2559437.074497	5095377.232190	-2849057.035333
	-2559437.355257	5095377.909204	-2849055.633289
	-2559438.721933	5095377.234749	-2849055.623029
	-2559441.269895	5095376.684157	-2849054.289665
	-2559440.209852	5095376.113261	-2849056.269790
	-2559441.081192	5095375.005196	-2849057.478508
	-2559437.841532	5095374.733487	-2849060.909917
	-2559438.586647	5095376.450788	-2849057.152009
	-2559439.412889	5095375.531422	-2849058.030146
	-2559437.735658	5095376.215875	-2849058.359849
	-2559438.926719	5095374.786338	-2849059.836549
	-2559443.733409	5095371.307019	-2849061.832856
	-2559442.785341	5095370.669423	-2849063.606792
	-2559439.669109	5095370.739230	-2849066.430412
	-2559440.772581	5095370.893093	-2849065.136805
	-2559436.506804	5095374.754175	-2849062.079772
	-2559438.471047	5095373.801210	-2849062.019918
	-2559437.529010	5095373.367215	-2849063.631513
	-2559437.793811	5095372.584407	-2849064.814784
	-2559441.389900	5095371.787876	-2849063.005294
	-2559440.547036	5095372.925897	-2849061.715726
	-2559442.607502	5095372.801658	-2849060.082225
	-2559439.787088	5095373.865850	-2849060.712932
	-2559438.717168	5095370.269924	-2849067.948900
	-2559437.737026	5095371.769588	-2849066.319632
	-2559439.303947	5095371.925985	-2849064.614647
	-2559439.333132	5095372.694770	-2849063.236232
	-2559449.013514	5095366.408657	-2849065.736224
	-2559447.318737	5095366.737368	-2849066.702423
	-2559448.251845	5095367.249384	-2849064.917914
	-2559446.460157	5095368.149317	-2849064.935802
	-2559440.806296	5095369.714846	-2849067.262149
	-2559440.453286	5095368.816021	-2849068.984736
	-2559441.687218	5095368.670413	-2849068.329248
	-2559442.268132	5095369.423659	-2849066.448279
	-2559445.680277	5095367.369792	-2849067.041000
	-2559444.825674	5095367.112089	-2849068.279199
	-2559443.532386	5095366.595937	-2849070.392458
	-2559442.453955	5095367.512280	-2849069.729152
	-2559442.160921	5095370.228349	-2849065.098862
	-2559445.151970	5095368.882288	-2849064.829976
	-2559443.680974	5095369.235440	-2849065.528588
	-2559443.853260	5095368.081316	-2849067.416216
	-2559453.084731	5095360.959432	-2849071.872721
	-2559452.010342	5095362.723722	-2849069.657176
	-2559451.461625	5095362.252903	-2849071.047746
	-2559451.402538	5095361.596132	-2849072.276107
	-2559445.304760	5095365.091680	-2849071.469817
	-2559445.795604	5095366.046576	-2849069.306546
	-2559446.673722	5095366.244155	-2849068.167525
	-2559447.449836	5095365.196033	-2849069.339150
	-2559449.876358	5095362.129046	-2849072.455383
	-2559449.597961	5095363.263520	-2849070.895406
	-2559450.776930	5095363.592188	-2849069.219442
	-2559449.617609	5095364.374229	-2849068.842423
	-2559446.680800	5095364.765589	-2849070.814540
	-2559447.563454	5095363.535238	-2849072.021217
	-2559451.733229	5095364.415486	-2849066.830101
	-2559450.265991	5095365.052373	-2849067.025765
	-2559458.787632	5095360.220039	-2849067.885911
	-2559458.013879	5095359.566332	-2849069.888975
	-2559446.091005	5095382.302698	-2849056.773572
	-2559458.574564	5095361.177128	-2849066.487067
	-2559453.135885	5095363.360408	-2849067.454999
	-2559454.661446	5095364.439225	-2849064.152718
	-2559454.920656	5095363.493792	-2849065.625427
	-2559454.422948	5095362.970801	-2849067.025332
	-2559458.116626	5095362.640347	-2849064.245155
	-2559456.087292	5095363.715478	-2849064.161646
	-2559457.317913	5095362.275583	-2849065.637025
	-2559456.962124	5095361.767782	-2849066.889982
	-2559453.227310	5095362.664646	-2849068.653922
	-2559454.268820	5095360.959659	-2849070.777880
	-2559455.994884	5095360.510550	-2849070.028802
	-2559455.792544	5095361.631579	-2849068.195630
	-2559465.496010	5095359.938457	-2849062.424474
	-2559463.922288	5095361.352520	-2849061.316725
	-2559463.556167	5095360.463239	-2849063.241013
	-2559461.081048	5095359.806544	-2849066.654085
	-2559457.666562	5095364.181623	-2849061.841975
	-2559460.091706	5095364.455891	-2849059.226303
	-2559458.689413	5095364.212857	-2849060.909365
	-2559459.582820	5095362.177381	-2849063.777063
	-2559462.534541	5095359.828470	-2849065.233563
	-2559462.061129	5095361.240833	-2849063.204846
	-2559462.693540	5095362.473106	-2849060.424723
	-2559461.809727	5095363.866011	-2849058.727800
	-2559459.046409	5095361.639720	-2849065.206411
	-2559460.273415	5095360.896628	-2849065.442714
	-2559460.773339	5095362.237195	-2849062.586207
	-2559461.426371	5095363.323381	-2849060.029399
	-2559466.240729	5095360.872996	-2849060.050796
	-2559467.709746	5095361.415953	-2849057.764265
	-2559467.486887	5095362.547373	-2849055.899788
	-2559467.768397	5095363.446438	-2849054.044749
	-2559459.757288	5095366.494737	-2849055.842684
	-2559460.374381	5095365.441932	-2849057.193460
	-2559461.640450	5095364.654075	-2849057.474431
	-2559462.775669	5095364.982532	-2849055.860134
	-2559464.749347	5095363.143843	-2849057.345297
	-2559465.360878	5095362.229232	-2849058.408805
	-2559464.706448	5095361.699451	-2849059.969523
	-2559463.231305	5095363.320906	-2849058.427636
	-2559461.732099	5095365.959365	-2849055.038235
	-2559465.222610	5095364.836801	-2849053.864314
	-2559464.876024	5095363.830462	-2849056.028078
	-2559463.578155	5095364.127265	-2849056.694557
