-2559525.02507159 5095847.08187056 -2848989.13935963
-2559574.64693678 5095824.62985252 -2848985.35500875
-2559579.93988562 5095819.89965018 -2848989.08835084
-2559587.17151001 5095812.43230311 -2848995.86074773
-2559577.81287494 5095812.16301605 -2849004.79701619
-2559563.15211799 5095817.25173025 -2849008.65917772
-2559570.81567481 5095812.50454319 -2849010.28062045
-2559517.22035369 5095828.30268346 -2849029.91621009
-2559543.46312941 5095846.25810812 -2848974.12980848
-2559535.84393362 5095846.52432377 -2848980.49136587
-2559552.22025247 5095843.03523992 -2848972.14758254
-2559579.10011793 5095827.97912039 -2848975.36239600
-2559592.85069592 5095821.81582122 -2848974.03891010
-2559586.76454129 5095822.26676013 -2848978.77332018
-2559591.56781845 5095817.37487667 -2848983.17304343
-2559506.29731108 5095868.21492212 -2848967.44518962
-2559624.72027591 5095764.47920320 -2849046.46030260
-2559628.78141575 5095772.96960413 -2849027.90258861
-2559616.49086542 5095785.67760106 -2849016.49256915
-2559604.48506804 5095793.05092712 -2849014.46778018
-2559597.98775339 5095803.11633082 -2849002.64289483
-2559595.06286119 5095808.93171281 -2848994.98207045
-2559604.84255088 5095806.08259598 -2848991.12527895
-2559613.36882393 5095802.15730419 -2848990.31212922
-2559599.27415062 5095812.67050715 -2848984.51556590
-2559606.51113044 5095809.40663794 -2848983.78472921
-2559598.24976234 5095817.08077678 -2848977.63060945
-2559619.69936412 5095803.31795414 -2848982.52563633
-2559613.51308654 5095807.96956205 -2848979.83582313
-2559638.17201210 5095789.11801538 -2848991.00494233
-2559613.43217755 5095812.13274309 -2848972.71476921
-2559647.14278321 5095789.69119930 -2848981.89719101
-2559580.69794076 5095747.99678015 -2849115.01920299
-2559754.28735275 5095574.43085909 -2849264.45226899
-2559601.12430611 5095713.24905399 -2849157.51442858
-2559670.54504942 5095598.54922407 -2849298.01327636
-2559689.95911953 5095499.31516969 -2849458.56900869
-2559540.01974653 5095693.79763052 -2849246.20348014
-2559491.35234802 5095709.31638322 -2849261.79337009
-2559552.31335634 5095762.68169698 -2849114.76789682
-2559555.08192144 5095807.77106659 -2849032.69597486
-2559563.73517562 5095809.95780907 -2849021.10080567
-2559578.48248631 5095802.14519871 -2849021.84229724
-2559582.31454198 5095804.64111044 -2849013.98889790
-2559588.04907789 5095806.20814336 -2849006.05462410
-2559589.47561744 5095799.90723876 -2849015.93944950
-2559595.61465286 5095793.30355748 -2849022.12801242
-2559604.74160235 5095785.01561936 -2849028.41324383
-2559468.47186765 5095837.41087859 -2849057.11799431
-2559447.34799531 5095800.28984610 -2849141.60708795
-2559310.64876974 5095720.32919829 -2849400.91227718
-2559248.86719562 5095828.35077382 -2849265.19339820
-2559196.76067010 5095868.38874220 -2849239.98292739
-2559222.76924664 5095956.10408437 -2849060.15199862
-2559315.93990070 5095909.23978915 -2849062.46171619
-2559328.01620267 5095944.60774952 -2848987.74497240
-2559576.58712183 5095973.52520936 -2848713.52559216
-2559561.35470348 5095870.97589768 -2848913.29271838
-2559602.28972133 5095822.64172657 -2848964.01316035
-2559594.93578749 5095827.96298954 -2848961.13125458
-2559573.08680974 5095840.62996870 -2848957.80045831
-2559574.07360162 5095834.19771260 -2848968.58478156
-2559325.74349263 5095997.65969020 -2848893.91451853
-2559447.59272542 5095946.37352555 -2848878.08796453
-2559936.53583895 5095606.02902886 -2849043.33303386
-2559798.48500381 5095671.42467180 -2849052.76656988
-2559662.02937248 5095791.73560254 -2848964.94143776
-2559621.68196467 5095809.52396041 -2848969.84070336
-2559614.83649275 5095817.25432908 -2848962.30768367
-2559645.93239056 5095829.17620983 -2848912.98023782
-2559757.86393931 5095865.24515575 -2848747.25493665
-2559785.53991461 5095842.91824718 -2848762.51765705
-2559268.14329797 5096156.10969060 -2848659.57907961
-2559287.74300588 5096132.51963142 -2848684.67084334
-2559173.19011945 5096095.20216719 -2848854.22323394
-2559060.69674699 5095893.79119168 -2849316.49600143
-2559048.99004192 5096021.51561096 -2849098.37477255
-2559034.79928605 5096063.57543532 -2849035.81675999
-2558658.07720556 5096192.64372415 -2849148.86504234
-2558803.05433879 5096362.00811355 -2848712.01652767
-2559639.60704150 5096485.05580215 -2847740.32703537
-2559582.10265273 5096133.07175889 -2848422.77310504
-2559606.56403551 5096062.72680185 -2848527.07484925
-2559554.15622695 5096143.82794801 -2848428.15320191
-2559583.69873397 5096064.66185043 -2848543.76487107
-2559528.47355104 5096076.42436169 -2848571.48996216
-2559477.21934847 5096088.11665577 -2848595.82526690
-2559027.25133676 5096504.01894045 -2848251.53891282
-2560527.90932106 5095913.91616029 -2847970.13802194
-2559986.62773847 5095790.57742596 -2848673.43541687
-2559972.72061963 5095873.73984993 -2848539.60291252
-2559973.72547813 5095898.98120636 -2848493.73887488
-2559824.19916866 5095972.09529505 -2848497.84493039
-2559715.39760127 5096023.54052401 -2848501.69254114
-2559828.10745957 5096038.28785848 -2848377.37804295
-2559889.71063921 5096237.14014396 -2847963.38187831
-2560553.83455401 5095690.27777097 -2848340.04935328
-2560828.51421666 5095485.55365821 -2848457.35116807
-2560888.04791895 5095300.37364151 -2848729.25929018
-2560149.62600821 5095517.88735835 -2849006.06934708
-2560186.63541345 5095557.21465574 -2848903.68142049
-2560126.19884474 5095621.10461360 -2848845.13189431
-2560184.67772821 5095648.98770068 -2848743.01939266
-2560076.35998754 5095762.02034958 -2848642.12976938
-2560616.48138573 5095233.53411656 -2849087.45827882
-2560585.69844514 5094949.04318682 -2849618.67650800
-2559995.94113235 5095340.01647508 -2849461.27331586
-2559863.56922863 5095516.34710795 -2849269.25876651
-2559927.64813941 5095489.18053529 -2849259.72065575
-2560071.59491342 5095388.82693525 -2849306.14637773
-2560055.79086399 5095440.97743206 -2849227.58511468
-2560086.72319485 5095464.83131108 -2849157.18451717
-2559977.76655437 5094958.19516856 -2850151.00295112
-2559830.71733542 5095135.04342152 -2849970.68082517
-2559449.14012832 5095493.31136935 -2849676.19753610
-2559555.48302235 5095491.44449584 -2849587.11481118
-2559740.43405619 5095423.48463628 -2849545.53736646
-2559761.15751671 5095408.72843396 -2849553.16778236
-2559831.25161572 5095397.43796742 -2849510.25004609
-2559834.12140882 5095402.23100759 -2849499.39483670
-2559152.95519023 5095691.55654461 -2849590.66792458
-2559392.28058326 5095565.24252697 -2849600.46486757
-2559010.71021426 5095559.45159113 -2849956.17550377
-2558916.13288792 5095583.39809058 -2849997.58957475
-2558873.41700380 5095717.77525516 -2849796.58457930
-2558991.00691947 5095856.92742731 -2849444.90903528
-2559004.67518134 5095888.22409795 -2849377.27494631
-2559044.52982051 5095823.43182723 -2849455.98929325
