-31.85 -91.55 0.00
30.77 -80.06 0.00
4.63 -35.36 0.00
52.90 59.50 0.00
-69.09 -33.35 0.00
69.75 43.40 0.00
-9.82 -29.64 0.00
48.81 -67.08 0.00
-31.54 -20.67 0.00
-21.74 86.41 0.00
-72.21 60.29 0.00
86.64 -10.66 0.00
39.42 48.98 0.00
56.26 44.26 0.00
-58.27 50.10 0.00
-47.64 -51.37 0.00
65.23 -51.30 0.00
12.70 62.88 0.00
-30.82 58.59 0.00
-28.10 -83.55 0.00
-58.77 54.50 0.00
-37.19 -51.83 0.00
81.98 -17.16 0.00
27.06 -57.34 0.00
-31.21 69.80 0.00
6.70 99.51 0.00
74.16 28.75 0.00
-41.31 -3.15 0.00
-76.18 26.96 0.00
56.00 32.78 0.00
32.63 -62.09 0.00
24.92 73.16 0.00
-15.83 72.26 0.00
5.57 22.03 0.00
-3.53 41.99 0.00
22.93 -12.39 0.00
-76.03 8.23 0.00
43.51 -23.94 0.00
47.89 -29.12 0.00
56.47 76.09 0.00
-36.68 -78.91 0.00
9.31 -5.44 0.00
-83.21 18.26 0.00
31.61 8.27 0.00
-66.40 -63.34 0.00
-32.45 24.45 0.00
-4.77 31.03 0.00
51.68 13.81 0.00
23.44 -30.74 0.00
11.43 -81.01 0.00
-53.13 1.98 0.00
52.34 -19.86 0.00
-14.90 -45.57 0.00
45.90 18.95 0.00
-28.83 44.22 0.00
16.47 -4.62 0.00
-9.99 37.97 0.00
-75.92 -42.53 0.00
18.14 95.18 0.00
3.32 78.63 0.00
-9.38 85.10 0.00
-9.43 30.89 0.00
35.57 -69.35 0.00
-16.39 -16.12 0.00
13.41 45.70 0.00
-45.28 70.08 0.00
-33.42 -13.74 0.00
68.24 -28.86 0.00
90.00 -41.01 0.00
53.33 43.78 0.00
-2.68 27.71 0.00
-60.48 -30.70 0.00
33.12 -2.02 0.00
-6.82 66.96 0.00
63.12 -16.79 0.00
66.51 59.92 0.00
-55.70 -74.99 0.00
-39.15 -24.58 0.00
-18.21 -28.14 0.00
15.88 43.12 0.00
-66.48 45.06 0.00
-32.80 48.70 0.00
19.14 1.54 0.00
35.46 -31.08 0.00
6.94 10.54 0.00
55.37 -36.50 0.00
-29.05 79.35 0.00
69.39 51.59 0.00
83.31 -9.49 0.00
-2.23 63.81 0.00
-43.91 66.00 0.00
-32.83 5.01 0.00
-53.79 46.03 0.00
-5.81 -25.93 0.00
-44.94 3.71 0.00
-24.35 12.94 0.00
55.06 -42.59 0.00
9.76 16.56 0.00
-20.43 42.26 0.00
-53.51 -77.54 0.00
